5.2907e-05
0.000133973
0.000168391
0.000133973
0.000134827
9.5573e-05
0.000141369
0.000164977
0.000135396
9.2444e-05
0.000131698
0.000112071
0.000132551
9.8702e-05
0.000220729
0.000162702
0.000163271
0.000104106
0.000148765
0.000114631
0.000131982
0.000112355
0.000126862
0.000128569
0.000137956
0.000104675
0.000154453
0.00012288
0.000139947
0.000131129
0.00054471
0.000346738
0.000392533
0.00054727
0.00351715
0.00038144
0.000364657
0.00029952
0.00103253
0.000319431
0.000528497
0.0153125
0.000443733
0.000406186
0.000662186
0.00117276
0.000893724
0.000671572
0.00778353
0.0224276
0.0164346
0.0178804
0.0043392
0.00162503
0.00856717
0.00115996
0.00422485
0.0273143
0.0097223
0.00172885
0.0195991
0.00084992
0.000958577
0.000387413
0.000389688
0.000338489
0.000380302
0.000351288
0.000564338
0.000726755
0.000294684
0.000369493
0.00127943
0.000797866
0.000437759
0.000354702
0.000656213
0.000145067
0.000393386
0.000487253
0.000819199
0.000278756
0.000306061
0.000412729
0.000384
0.000335075
0.000382577
0.000348445
0.000364088
0.000310613
0.000353849
0.000393386
0.00149731
0.000559502
0.000578275
0.000241493
0.0003968
0.000319431
0.000334506
0.000375751
0.000376035
0.000341902
0.000352995
0.000332516
0.00107662
0.000282169
0.00033223
0.000372338
0.000626346
0.000229262
0.000861297
0.00194617
0.000985884
0.000774826
0.000855608
0.000930986
0.00100494
0.00281202
0.00120035
0.00148935
0.000985884
0.000940088
0.00126407
0.00119239
0.00140715
0.000688071
0.000892586
0.00135367
0.000760604
0.00066503
0.000842524
0.000770275
0.00118158
0.000779946
0.000872959
0.00073984
0.00212878
0.00286492
0.00116594
0.00169643
0.000498346
0.00137159
0.00306773
0.000648248
0.000867555
0.000736426
0.000865279
0.000830577
0.0010368
0.000725617
0.00184576
0.017346
0.000954595
0.00068608
0.000809243
0.00079616
0.000737848
0.000906239
0.000730737
0.00129707
0.000832852
0.00129707
0.000941226
0.000678399
0.00101348
0.000658204
0.000824319
0.000622933
0.000766293
0.00147854
0.000844514
0.00147428
0.00100437
0.000687217
0.000992426
0.00114802
0.00643015
0.00252729
0.00188786
0.000738132
0.00392988
0.00687416
0.000415573
0.000418418
0.000359537
0.000510578
0.0115703
0.000752924
0.00624668
0.00369152
0.00361813
0.000878933
0.000733297
0.000646257
0.000404196
0.000382861
0.000364374
0.000357261
0.000354133
0.000368356
0.000392817
0.000333938
0.000415857
0.000622364
0.000365511
0.000746666
0.000575999
0.00228608
0.000317156
0.000421261
0.000354418
0.000333937
0.000411307
0.000329386
0.000500906
0.000453973
0.000397653
0.000414151
0.000408746
0.000383147
0.000506595
0.000385991
0.000541013
0.000390257
0.000359253
0.000341902
0.0023094
0.0102249
0.00300458
0.00073472
0.00116537
0.000900834
0.00164295
0.000747235
0.00377457
0.00132181
0.000395662
0.000362097
0.000411591
0.000369777
0.000548124
0.000232107
0.00118698
0.000461084
0.000393102
0.000410453
0.000429795
0.000350436
0.000396799
0.000327965
0.000448284
0.000345884
0.00047559
0.000335076
0.000411022
0.000383146
0.000494364
0.000387697
0.000471324
0.000337351
0.000437191
0.000315164
0.00175872
0.000408462
0.000491235
0.000310613
0.000478435
0.000291555
0.00039424
0.000366933
0.000597333
0.000499199
0.000449138
0.000331946
0.000393102
0.000348444
0.000450275
0.000379449
0.000377457
0.000333653
0.000385707
0.000363235
0.000386844
0.000370915
0.00190578
0.00037632
0.000364373
0.000407893
0.000400782
0.000295253
0.000399075
0.000352142
0.000393387
0.000550399
0.000366649
0.000431502
0.000368639
0.000353849
0.000404764
0.000338773
0.000415857
0.000311467
0.000392817
0.000424107
0.000336497
0.000394524
0.00240071
0.000350151
0.000568604
0.000284444
0.000435769
0.00033991
0.000384569
0.000372053
0.000745244
0.000392817
0.000393671
0.000443733
0.000399644
0.000373191
0.0004096
0.00033223
0.000465067
0.000322559
0.000436907
0.001792
0.000392818
0.000494364
0.000381439
0.000388551
0.000375751
0.000396231
0.000488106
0.00067527
0.000677831
0.000409884
0.000436622
0.000351289
0.000379164
0.000407608
0.000988444
0.00023296
0.000454257
0.000535324
0.00154795
0.000413298
0.000381724
0.000365795
0.000361813
0.000322275
0.000342471
0.000347022
0.000352142
0.000374613
0.00032
0.000322844
0.000346453
0.000325973
0.000343324
0.000327964
0.000370347
0.000345599
0.0002944
0.000324267
0.000351288
0.000325689
0.000331662
0.000336497
0.000352995
0.00210802
0.000594773
0.00078336
0.000881492
0.00127772
0.000868977
0.000309759
0.000531911
0.000383431
0.000374044
0.000333084
0.000539875
0.000439466
0.000379165
0.00135765
0.000440888
0.000321707
0.000367217
0.000332231
0.000375182
0.000395093
0.000387697
0.000897422
0.000525368
0.000390826
0.000476729
0.000324266
0.000488675
0.00032768
0.000363235
0.000520533
0.000365227
0.000302364
0.0018304
0.000521102
0.00168562
0.000447716
0.000590221
0.000481564
0.000507733
0.000903395
0.00061952
0.000543572
0.00141454
0.00152092
0.00069319
0.000594488
0.000575147
0.000521386
0.00113778
0.00100892
0.00126236
0.00152035
0.00314567
0.00159147
0.000967394
0.000883484
0.000489244
0.000374898
0.000459946
0.000714808
0.000791039
0.000959715
0.00150755
0.00180963
0.00159687
0.000501475
0.000697457
0.000349298
0.000413297
0.000630044
0.000751502
0.000799004
0.000530488
0.000543857
0.001313
0.000379164
0.000428373
0.000337066
0.000403342
0.00041728
0.0002944
0.000391964
0.00040391
0.000314596
0.000516835
0.000661048
0.0018597
0.00548693
0.00262713
0.00131669
0.000409599
0.00042496
0.00141056
0.000440888
0.000439467
0.000453404
0.000425244
0.000630897
0.000587377
0.00170553
0.00240071
0.00649614
0.00104078
0.000390257
0.000445724
0.000456818
0.000510862
0.000686079
0.00168021
0.00109682
0.00135253
0.000940088
0.00138581
0.000617244
0.00200619
0.000657635
0.000510293
0.00110023
0.000994417
0.000745528
0.00149817
0.000400782
0.00048071
0.000571449
0.000866701
0.000572871
0.00160256
0.00041415
0.00044032
0.000567182
0.000533333
0.000421261
0.0003968
0.000829155
0.00688924
0.00473742
0.000722772
0.00105614
0.000753777
0.000963412
0.00131868
0.0011776
0.000574293
0.000436621
0.000679822
0.000790186
0.000489813
0.00233984
0.000537031
0.000587946
0.000492373
0.000791608
0.000533902
0.000581119
0.000399929
0.00039879
0.000537031
0.000820906
0.000706844
0.000391111
0.000545564
0.000436622
0.00167367
0.000395093
0.00211285
0.01286
0.0013659
0.00133376
0.00135765
0.000779377
0.000487537
0.00052736
0.000566897
0.00033536
0.000881208
0.000369493
0.000350435
0.000355555
0.000372622
0.000303787
0.000354702
0.00034759
0.000346453
0.000343893
0.000409885
0.0013824
0.000392249
0.000355271
0.000367786
0.000343324
0.00035584
0.000299804
0.000421831
0.000487537
0.000672142
0.000482702
0.0024101
0.00104761
0.00217202
0.00212338
0.00102343
0.00042439
0.000599609
0.000542719
0.000452835
0.000392818
0.000446008
0.000403342
0.000465635
0.000463076
0.000444301
0.000423822
0.000478435
0.00127118
0.000446008
0.000383715
0.000426667
0.000614115
0.000510292
0.000708267
0.000473315
0.000500622
0.000356693
0.000429795
0.000470186
0.000471608
0.000431218
0.000496071
0.000642275
0.000589937
0.00141426
0.000385422
0.000442027
0.000458808
0.00043008
0.000404764
0.000574577
0.000512
0.000520248
0.000408178
0.000630612
0.000623218
0.000453688
0.000473884
0.00111758
0.00108857
0.00254521
0.00196551
0.0127841
0.00197433
0.000542151
0.000512852
0.000492658
0.000459946
0.000510862
0.000405617
0.000462507
0.000510008
0.00107833
0.000426951
0.000477866
0.000963128
0.000643982
0.00057799
0.000584818
0.00126379
0.000494933
0.000421546
0.000486969
0.000416426
0.000795022
0.000868124
0.00081351
0.00253497
0.00111019
0.000680675
0.00237539
0.00108743
0.000551537
0.000449422
0.000543858
0.000443732
0.000671573
0.00045824
0.000427519
0.00056576
0.000493511
0.000419839
0.00235463
0.000672995
0.000715946
0.00044032
0.000576284
0.000484693
0.000449137
0.000429227
0.000612408
0.000455395
0.000478151
0.000533333
0.000552675
0.000508302
0.00184462
0.000446862
0.00045568
0.000408177
0.000537031
0.000397368
0.000478436
0.00041671
0.000775395
0.000478435
0.000453973
0.00041984
0.000482702
0.00041415
0.000519396
0.000466204
0.00215751
0.0114759
0.00124814
0.00121116
0.00192768
0.00143701
0.00487367
0.0021942
0.00313116
0.00456533
0.0105162
0.00677375
0.00391025
0.00584704
0.00318634
0.00130873
0.00385991
0.00100551
0.0212872
0.00189895
0.00119353
0.000646541
0.00187648
0.000551821
0.000485547
0.000433493
0.000599892
0.000459093
0.00075008
0.00110165
0.00101006
0.000447147
0.000421262
0.00031943
0.000943217
0.000461084
0.000477298
0.00216149
0.0110583
0.00102172
0.0012837
0.00181931
0.0119037
0.000513422
0.000752355
0.00260437
0.00103623
0.000749226
0.000568889
0.00048327
0.00112583
0.00074695
0.000818631
0.000550115
0.00156729
0.000571449
0.00063431
0.000470186
0.000457671
0.000415573
0.000802417
0.000490666
0.000428089
0.000682382
0.000458239
0.000534755
0.000385707
0.000530488
0.000419555
0.000430649
0.00181675
0.000537315
0.000377457
0.000454827
0.000432071
0.00037319
0.000497493
0.000797297
0.000467627
0.000525084
0.000562915
0.000573155
0.000522524
0.000415004
0.00054727
0.000486969
0.000708835
0.0106425
0.0154721
0.00120832
0.00127687
0.00054215
0.000498346
0.000430365
0.000521101
0.000473315
0.000466489
0.000462506
0.000465066
0.000921031
0.00138894
0.000529351
0.000479288
0.000484124
0.000654506
0.00132892
0.000438045
0.000387128
0.000432071
0.000341048
0.000474453
0.000362382
0.000419555
0.000316587
0.000404764
0.000380586
0.000408462
0.000428942
0.000398791
0.000402488
0.000521671
0.000550968
0.000399645
0.000402488
0.000422115
0.00036864
0.000612408
0.00171548
0.000534187
0.000357546
0.000532764
0.000384853
0.000555519
0.000374045
0.000393386
0.000395377
0.000638009
0.000850203
0.000385707
0.000433208
0.000413582
0.000433493
0.000431502
0.00039936
0.000737563
0.00190265
0.000491804
0.000408177
0.000431786
0.000451698
0.000760319
0.000456533
0.000536177
0.000910222
0.000689777
0.000402773
0.000490097
0.000363236
0.000490097
0.000388551
0.000431502
0.00159203
0.000514275
0.000477582
0.000454542
0.000489244
0.000399075
0.000396231
0.00046023
0.000378596
0.00039879
0.000366364
0.000391965
0.000356408
0.000405618
0.00037831
0.000385707
0.000360106
0.000395093
0.000368071
0.000400497
0.000349582
0.000479573
0.00174876
0.000607288
0.000413582
0.000396231
0.000395662
0.000407324
0.000355555
0.00040192
0.00037888
0.000445724
0.000365511
0.00039111
0.000383147
0.000393102
0.000365226
0.000418702
0.000372053
0.000402204
0.000356977
0.000401067
0.000384568
0.00163015
0.000423822
0.000407893
0.000374897
0.000405333
0.000354418
0.000403342
0.000384568
0.000393955
0.000371769
0.000393102
0.000386844
0.000453688
0.000362382
0.000408747
0.000500337
0.00058112
0.000389404
0.000399928
0.000389973
0.00041216
0.000472462
0.0015525
0.000423538
0.000404479
0.000378027
0.000409315
0.000382008
0.000414436
0.000328533
0.000412444
0.000391679
0.000400498
0.000413297
0.000479004
0.000411307
0.000423821
0.000368925
0.000465635
0.00039879
0.000405618
0.000378311
0.00041671
0.00157298
0.000452551
0.000383715
0.000406471
0.000427519
0.000421262
0.000408746
0.000709404
0.000406755
0.000420693
0.000383147
0.000406186
0.000399075
0.000462791
0.000375466
0.000434916
0.000424106
0.000415004
0.000461368
0.000423253
0.000464782
0.00155307
0.000391679
0.000410738
0.00040391
0.000424391
0.000341618
0.000473315
0.000409031
0.000414719
0.000389689
0.000426382
0.00040135
0.000425529
0.000382577
0.00042752
0.000411022
0.000420693
0.000393386
0.000486115
0.000631751
0.00177977
0.000502898
0.000424959
0.00043264
0.000447715
0.00038656
0.000497208
0.000420693
0.000447431
0.000385137
0.000434916
0.000428088
0.000422969
0.000415288
0.00043264
0.000402773
0.00042951
0.000393671
0.000418702
0.000412444
0.00160739
0.00038912
0.000437475
0.000459662
0.000423538
0.000362381
0.000434916
0.000413581
0.000422969
0.00074951
0.000726471
0.000529635
0.000583111
0.000818346
0.000737848
0.000488106
0.000459378
0.00157184
0.000492942
0.00044544
0.00045767
0.000437476
0.000455964
0.000466204
0.000483839
0.000415573
0.000511431
0.000445724
0.000458808
0.000421547
0.000457102
0.00043975
0.000462222
0.000420409
0.000484124
0.00046535
0.000472747
0.00162731
0.000488106
0.000452551
0.000748942
0.00217685
0.00120576
0.000554097
0.00058112
0.000461084
0.000632604
0.00048071
0.000561493
0.0012032
0.0004864
0.000449137
0.000449422
0.000469333
0.000457386
0.000422115
0.000445725
0.000428657
0.000787341
0.000510009
0.000468195
0.000422684
0.000454258
0.000425813
0.000453972
0.000432925
0.00148252
0.000616106
0.00110734
0.000466489
0.000487253
0.000479573
0.00076743
0.000457955
0.000530773
0.000508586
0.000535609
0.000545564
0.000676408
0.000539306
0.00348416
0.00136277
0.000790755
0.000579698
0.000482701
0.000405902
0.000459946
0.00047104
0.000519964
0.000441173
0.000573155
0.00059392
0.000480426
0.00139292
0.000618097
0.000584533
0.000587946
0.000481564
0.000582258
0.000479004
0.000558079
0.000480426
0.000479289
0.000449991
0.000454542
0.00044231
0.000466773
0.000444018
0.000517404
0.00162787
0.000566613
0.000618666
0.000620088
0.00050688
0.000605866
0.000500337
0.000576284
0.000490382
0.00072391
0.000720782
0.000664177
0.000557511
0.000579982
0.000525653
0.00149646
0.000471324
0.000776249
0.00056263
0.000575715
0.000584533
0.000542151
0.000471608
0.000472178
0.000579697
0.000597617
0.000457387
0.000473884
0.000427804
0.000471893
0.000518541
0.00128085
0.00052167
0.000492658
0.000466488
0.000553529
0.00046279
0.000579698
0.000490381
0.000482133
0.000459662
0.000478435
0.000482418
0.000481564
0.00042951
0.000474453
0.000479573
0.000483271
0.000458808
0.00148651
0.000461084
0.00048128
0.000440319
0.000555235
0.000562346
0.000611271
0.000446009
0.000488106
0.000532479
0.000509155
0.000470187
0.000508301
0.000489245
0.000481564
0.000444301
0.000498347
0.00044999
0.00166172
0.00046848
0.000484693
0.000476728
0.000507164
0.000461084
0.000546418
0.000473315
0.000485262
0.00050119
0.000474738
0.000472177
0.000713955
0.000472177
0.000658204
0.000485831
0.000478151
0.000479288
0.00139008
0.000511431
0.000497208
0.000456249
0.000498061
0.000462791
0.000585102
0.000476728
0.000492373
0.000473315
0.000607289
0.000416995
0.000494933
0.000513991
0.000556941
0.0004608
0.000512
0.000531341
0.00134571
0.000482702
0.000492373
0.000473315
0.000560924
0.000478719
0.000548693
0.000497493
0.000498346
0.000460231
0.000544711
0.000479288
0.000494933
0.000444871
0.000491235
0.000473599
0.000493511
0.000458809
0.00154595
0.00047616
0.000497208
0.000448284
0.000512853
0.000593351
0.00071111
0.000576
0.000507164
0.000480426
0.000487822
0.00052423
0.000501191
0.000552959
0.000578844
0.000434631
0.000501475
0.00148679
0.000514844
0.000481849
0.000499199
0.000482133
0.00058112
0.000523377
0.000519111
0.00049351
0.000495502
0.000469902
0.000557511
0.000543288
0.000513422
0.000546986
0.000577706
0.000551822
0.000611271
0.00151694
0.00055296
0.000573439
0.000605582
0.000610133
0.000565191
0.000632035
0.000569457
0.000516835
0.000552106
0.000538453
0.000641991
0.000521101
0.000562347
0.000546701
0.00148025
0.000650524
0.000738417
0.000552106
0.00076032
0.00055495
0.000544711
0.000707982
0.000663892
0.000564622
0.000537031
0.000595626
0.000669013
0.00131072
0.000511431
0.000502044
0.000517973
0.00048128
0.000517404
0.000497777
0.000621511
0.000584248
0.000561208
0.000503182
0.000518826
0.000472462
0.000518542
0.0004992
0.000518541
0.00132295
0.000584818
0.000508017
0.000526506
0.000487253
0.000522524
0.00050432
0.000521955
0.000483839
0.000612978
0.000688355
0.000618097
0.000506311
0.000702292
0.000552391
0.0012598
0.000460231
0.000543573
0.000564053
0.000533901
0.000529636
0.000584248
0.000535324
0.000522524
0.000493795
0.000589937
0.000560071
0.000573724
0.000513137
0.000535609
0.000514559
0.000553244
0.00132124
0.000566897
0.000591359
0.000538738
0.000494648
0.000630044
0.000792177
0.000605582
0.000613546
0.00073671
0.000754062
0.000566897
0.000508302
0.000569173
0.000521386
0.00145863
0.000497209
0.000536177
0.000515413
0.000588515
0.000508017
0.00054016
0.000520817
0.000536746
0.00046592
0.000536746
0.00059136
0.00062919
0.00053504
0.000546133
0.00144242
0.00090567
0.000700018
0.000726755
0.000961136
0.000873529
0.000838257
0.00108828
0.000794168
0.000729031
0.00114119
0.00054784
0.000577706
0.000561208
0.000567466
0.000551253
0.000526222
0.000584817
0.00055552
0.000552675
0.000529635
0.000693759
0.0193894
0.000713101
0.000598471
0.000615822
0.000565759
0.000725049
0.000534186
0.000552106
0.000510293
0.000548408
0.000517973
0.00055296
0.000473315
0.000551822
0.000527928
0.000641137
0.000528782
0.00132181
0.000548124
0.000550115
0.000568889
0.000599893
0.000539875
0.000546986
0.000513137
0.000549546
0.000675271
0.00063687
0.000689209
0.000564053
0.00053703
0.00147712
0.000521386
0.000554666
0.000535893
0.000554098
0.00058823
0.00061184
0.000669012
0.000573724
0.000523662
0.000569173
0.000555804
0.000610986
0.000562062
0.00166002
0.000602453
0.000561208
0.000521387
0.000555235
0.000655359
0.000569173
0.000534186
0.000731022
0.000571448
0.000566613
0.000526506
0.000561209
0.000544141
0.000560071
0.000589937
0.00130105
0.00060672
0.000576284
0.000529919
0.000563769
0.000544426
0.000602168
0.000570026
0.000623786
0.000553529
0.000586808
0.000533902
0.000568035
0.000546133
0.000566044
0.000663039
0.001247
0.000564053
0.000700017
0.000648533
0.000583964
0.000593066
0.000572586
0.000577706
0.000588231
0.000552675
0.000576284
0.000550968
0.000572871
0.000553528
0.00126293
0.000583111
0.000571448
0.000595911
0.000592213
0.000537315
0.000579128
0.000562062
0.000634026
0.000612409
0.00063175
0.000569457
0.00057856
0.000539022
0.00143417
0.000644266
0.00064512
0.000592782
0.000584817
0.000559502
0.000597332
0.000542436
0.000612692
0.000608995
0.000598471
0.0005888
0.000594488
0.000612977
0.00151808
0.000587093
0.00066247
0.000567182
0.000582542
0.000543857
0.000596479
0.000564053
0.000583395
0.000543858
0.00061383
0.000578275
0.000762311
0.00141909
0.000588231
0.000574292
0.000587947
0.000627483
0.000645973
0.00059392
0.000587661
0.000551253
0.000585387
0.000585955
0.000666168
0.000695182
0.000675839
0.00120889
0.000628053
0.000565759
0.000607857
0.000631466
0.000590791
0.000553813
0.000587662
0.000572301
0.000587947
0.000561777
0.000628053
0.000766861
0.000608142
0.000576853
0.00144128
0.000583964
0.000594203
0.000601031
0.000719359
0.000744106
0.000677831
0.000564622
0.000593919
0.00062976
0.000599608
0.000544142
0.000597333
0.0013659
0.000700586
0.00056263
0.000652231
0.000580551
0.000671003
0.0005632
0.000714808
0.000595626
0.000610702
0.000560071
0.000639715
0.000605013
0.000625492
0.00138069
0.000658772
0.000677831
0.000608142
0.000566612
0.000709689
0.000581972
0.000601316
0.00056263
0.000621795
0.000589084
0.000603022
0.000614399
0.00114631
0.000623502
0.000603022
0.000603875
0.000764301
0.00065536
0.000683519
0.000573155
0.000607858
0.000588799
0.000613546
0.000653369
0.00128427
0.00223118
0.000989581
0.000631466
0.00081351
0.000729315
0.000629475
0.000590791
0.000671288
0.000593066
0.000644267
0.000575146
0.000609279
0.000592213
0.00157355
0.000589653
0.000613546
0.000684658
0.000950328
0.000759466
0.000910506
0.000741546
0.00072135
0.00058624
0.000612408
0.000671288
0.00110507
0.000575146
0.000612693
0.000603875
0.000652231
0.000601599
0.000699733
0.000624639
0.000658204
0.000608711
0.000711395
0.000713101
0.000723626
0.00062976
0.00153088
0.000608711
0.000623217
0.000592213
0.0006528
0.000624639
0.000693475
0.000585386
0.000796728
0.00112156
0.00105017
0.0017078
0.000756906
0.000679537
0.00065024
0.000649101
0.00066816
0.000640852
0.000838542
0.000670719
0.000624924
0.000605866
0.000624924
0.00162076
0.000626062
0.000604444
0.000639999
0.000589369
0.000624639
0.000618098
0.000661332
0.000589653
0.000698311
0.00060871
0.000638577
0.000598471
0.000674702
0.00143872
0.000627768
0.000571733
0.000629759
0.000845084
0.000847359
0.000605297
0.000659058
0.00063687
0.00072448
0.00063175
0.000636871
0.000845368
0.00104078
0.000642844
0.000647111
0.00061383
0.000649671
0.000599893
0.000683804
0.000619803
0.000642275
0.000681813
0.000702862
0.000657919
0.000722204
0.000736711
0.00124615
0.000672141
0.00066048
0.000602453
0.000645119
0.000625493
0.000652515
0.000607004
0.000630897
0.000701439
0.000669298
0.000714523
0.000694044
0.00115541
0.00064199
0.000573724
0.000638862
0.000619804
0.000661332
0.000659911
0.000654506
0.000620657
0.000662471
0.000611839
0.000673849
0.000853332
0.00116053
0.00064967
0.000645404
0.000653937
0.000717653
0.000610702
0.000648533
0.000626061
0.000644835
0.000618097
0.000646258
0.000712817
0.000671004
0.000712532
0.00135651
0.000636586
0.000647964
0.00077255
0.00068864
0.000652515
0.000653653
0.000667874
0.000667307
0.000684088
0.000742684
0.000866417
0.00128796
0.000649671
0.00066247
0.000605866
0.000655644
0.00063744
0.000648532
0.000612409
0.000648533
0.00063175
0.000720497
0.000615253
0.000704284
0.0012069
0.000770275
0.000676692
0.000672142
0.000643413
0.000682097
0.000717937
0.000752924
0.000650524
0.000668159
0.000686364
0.000661902
0.00122368
0.000694613
0.000635448
0.000729599
0.000642275
0.000669582
0.000630044
0.000656781
0.000638578
0.000669012
0.000633173
0.000747804
0.000766008
0.00149134
0.000667591
0.000695181
0.000667875
0.000875804
0.000622364
0.000668159
0.000646258
0.000661617
0.000632888
0.00072448
0.000646257
0.00143929
0.000631466
0.000663324
0.000690061
0.000777386
0.000667875
0.000683804
0.000652799
0.000674418
0.000628621
0.000681244
0.000705137
0.000786489
0.00114005
0.000780515
0.00075719
0.00068864
0.000671004
0.000695181
0.000728746
0.000680675
0.000634311
0.000666168
0.00071936
0.000670719
0.000644266
0.0013824
0.000727608
0.000685795
0.000701155
0.000735573
0.000710257
0.000765155
0.000607573
0.000685226
0.00073927
0.000676693
0.000693475
0.00138211
0.000726755
0.000687786
0.000689209
0.00068551
0.000659626
0.000713955
0.000734435
0.000786773
0.000781368
0.000910506
0.00162617
0.000781938
0.00077255
0.000976497
0.000790186
0.000722488
0.000818346
0.000789333
0.000998968
0.000919608
0.00133376
0.000880355
0.000706843
0.000794169
0.000822897
0.000868977
0.000804124
0.00086471
0.00075463
0.000772266
0.000711111
0.00112014
0.00075008
0.000711963
0.000612409
0.000683235
0.000676124
0.000683235
0.000720212
0.000792746
0.000695751
0.000728177
0.000684088
0.000780231
0.00137671
0.000707981
0.000664177
0.000721635
0.00070912
0.000743252
0.000690915
0.000730453
0.000733582
0.00072903
0.000690915
0.000881493
0.00103765
0.000713955
0.000664746
0.000727609
0.000816354
0.000843093
0.000658773
0.000690915
0.000968532
0.000851911
0.001152
0.00152633
0.000847644
0.00080583
0.000750364
0.000845084
0.000750933
0.000794168
0.000654506
0.000754062
0.000767714
0.00112839
0.000802986
0.00115627
0.000992426
0.000707982
0.000671288
0.000704284
0.000679253
0.000762879
0.00067015
0.00174791
0.00168277
0.00134542
0.000888888
0.00120377
0.000787057
0.000840248
0.000773404
0.000803555
0.00087751
0.00129963
0.000799573
0.000920745
0.000827164
0.000780515
0.000717937
0.00110819
0.000737564
0.000771981
0.000736426
0.00114631
0.000765724
0.000762311
0.000722772
0.000815786
0.000874097
0.000723911
0.000711964
0.000706559
0.000697173
0.000960568
0.00118357
0.00072192
0.000689492
0.00074496
0.000689777
0.000758328
0.000736142
0.000871252
0.000690915
0.000725333
0.000695466
0.000787626
0.00105472
0.000728746
0.000702862
0.000724764
0.000701155
0.000736995
0.000787341
0.000722204
0.000876941
0.000754631
0.000702008
0.00165006
0.000682382
0.000724479
0.000771128
0.000766293
0.000735288
0.000777102
0.000810666
0.000817492
0.000762311
0.00074439
0.00134229
0.00073984
0.000653368
0.000717937
0.000707697
0.0007168
0.000851341
0.000851626
0.000735004
0.000781368
0.000748942
0.00145863
0.000712817
0.000713955
0.000689777
0.000721066
0.000699164
0.000958577
0.000827164
0.000804408
0.000707128
0.000764017
0.00150812
0.000772835
0.00074496
0.000743821
0.000790755
0.000848497
0.000730737
0.000837973
0.000698879
0.000725049
0.00074951
0.00122027
0.000835981
0.000760604
0.000881208
0.000769137
0.00069376
0.000737564
0.000773403
0.000732729
0.000667875
0.000730452
0.00144697
0.00077255
0.000951466
0.000987022
0.000723057
0.000777101
0.000691769
0.000830292
0.000716515
0.000749795
0.00074752
0.00111929
0.00080384
0.000778239
0.000764302
0.000811803
0.000732729
0.000749795
0.000771981
0.000747235
0.000713955
0.000779377
0.00125326
0.000938097
0.000776249
0.000782506
0.000742114
0.000781938
0.000819768
0.000918186
0.000760603
0.000754915
0.000832
0.00106951
0.000722773
0.000754346
0.00076743
0.000773688
0.000736995
0.000924444
0.000735573
0.00073927
0.00080839
0.00118869
0.00104789
0.000842808
0.000857315
0.000920462
0.000826026
0.000907092
0.00090823
0.00118556
0.000791324
0.000910221
0.00166258
0.00087808
0.000948337
0.00110421
0.000765155
0.000806684
0.0010021
0.00115854
0.000837404
0.00121372
0.000902826
0.000852479
0.00077056
0.000795874
0.000782791
0.000839679
0.000821759
0.00101092
0.00121657
0.00112612
0.000784212
0.000835697
0.000829155
0.000880355
0.00078279
0.00107321
0.000853617
0.000815218
0.00106155
0.00110251
0.000920461
0.00112839
0.00109625
0.00102912
0.000953457
0.000912212
0.000725048
0.0007936
0.00145067
0.000859306
0.000752071
0.000769421
0.000941511
0.00108914
0.000864995
0.00104533
0.00102315
0.00173966
0.00112071
0.00126777
0.000945493
0.00103168
0.0010038
0.000921315
0.000899128
0.00177067
0.00171548
0.00121458
0.000847359
0.000848782
0.000911928
0.00084679
0.000877511
0.00151381
0.000959146
0.00233187
0.00227328
0.00137557
0.00123705
0.00104107
0.00153543
0.00108601
0.00124387
0.000951466
0.000961137
0.00130304
0.00150755
0.00102741
0.0017408
0.000877226
0.00102059
0.00100551
0.000845937
0.00102969
0.0018432
0.0010021
0.000806399
0.000804693
0.000956301
0.00103452
0.0016037
0.00104647
0.00137956
0.000873812
0.000870684
0.000877226
0.00204032
0.000994132
0.00135054
0.00121202
0.00105444
0.0011173
0.00115257
0.000943501
0.000847644
0.000983608
0.000809528
0.000790471
0.000810665
0.00111047
0.000796728
0.00094663
0.000763448
0.000832569
0.00078791
0.000861297
0.00122652
0.00104875
0.000986737
0.00154169
0.000912212
0.000983039
0.000785351
0.000843377
0.000812941
0.000837404
0.000828871
0.000832283
0.00131129
0.000849919
0.000919324
0.00091847
0.000794453
0.000839679
0.000986168
0.000883769
0.000863003
0.000844799
0.0011099
0.000820337
0.000791324
0.00101547
0.000800426
0.000802986
0.000740124
0.000815502
0.00079303
0.000800711
0.000924728
0.000967679
0.000816355
0.000811235
0.000965403
0.0010806
0.000973937
0.000824603
0.000912213
0.000944355
0.00136419
0.000840817
0.000775111
0.00090055
0.000791608
0.00101916
0.000878648
0.000824035
0.000797297
0.000805546
0.00143161
0.000818915
0.000937244
0.00108004
0.000897421
0.000878933
0.000886328
0.000831999
0.000820053
0.000932692
0.00102798
0.00088007
0.000796159
0.000912497
0.000806968
0.000814649
0.000817208
0.00092359
0.000834844
0.000897137
0.00109909
0.00105785
0.000904817
0.000915626
0.000785635
0.000973084
0.00216718
0.00325063
0.00176782
0.000937813
0.000926719
0.00092871
0.000920462
0.000997545
0.00142364
0.000859306
0.000766861
0.000804693
0.00078535
0.000914488
0.000797297
0.000847644
0.000803271
0.000813794
0.0015269
0.000884906
0.000817777
0.000809813
0.000761457
0.000825457
0.000897706
0.000830861
0.0007808
0.0011062
0.0013056
0.000889457
0.000846221
0.0008192
0.000786772
0.000871537
0.000825457
0.000820053
0.000871253
0.000813226
0.00138126
0.000805261
0.000813511
0.000925581
0.000769991
0.000813226
0.00080839
0.000881208
0.00102969
0.000818346
0.00134656
0.000863288
0.000782222
0.000816923
0.000904533
0.000848213
0.000789617
0.00080839
0.00087751
0.000825742
0.00173625
0.000846506
0.000801849
0.00082375
0.000786204
0.00105159
0.000996692
0.0012982
0.00121145
0.000911359
0.000860159
0.000837688
0.000742684
0.000824604
0.000802132
0.000884622
0.000889172
0.000937529
0.000808106
0.00143218
0.000787057
0.000852764
0.00110649
0.00132835
0.000839395
0.000950044
0.000974506
0.00108003
0.00106098
0.000949759
0.000886613
0.000888035
0.000823466
0.00147484
0.00102144
0.00100892
0.00114346
0.00126123
0.000881208
0.00121714
0.000848497
0.000934683
0.000921031
0.000896568
0.000906524
0.000902257
0.00158379
0.000988443
0.00102485
0.000897137
0.000884621
0.000899129
0.00080839
0.000903679
0.000860444
0.00208725
0.000984177
0.000913066
0.000979057
0.000968817
0.000845937
0.000862151
0.000894861
0.00114517
0.0026331
0.00201699
0.001121
0.000983892
0.000962844
0.00115228
0.00115228
0.000962559
0.0010587
0.00110279
0.00105785
0.000975644
0.000879502
0.00104732
0.00105643
0.00102969
0.000884337
0.000983892
0.000983608
0.00110563
0.000839395
0.000847644
0.000912497
0.000865563
0.000818915
0.00130162
0.000829724
0.000881777
0.000792746
0.00105386
0.000837973
0.000839679
0.000832853
0.000934399
0.000853902
0.00110307
0.000857031
0.000928994
0.000841102
0.000883484
0.00098759
0.000934968
0.000842239
0.000930986
0.000936106
0.000974221
0.000856746
0.000945493
0.000826595
0.00085959
0.000829155
0.00097991
0.000898559
0.000885475
0.000929564
0.000984461
0.000951182
0.000868123
0.000840533
0.000912497
0.000825173
0.000861866
0.00101148
0.000874666
0.00106098
0.00112384
0.000851626
0.000856461
0.000809529
0.00087495
0.000837119
0.000865848
0.000824889
0.00105557
0.000932124
0.00162219
0.000858452
0.00087296
0.000847643
0.00099072
0.000823181
0.000939235
0.00085959
0.00109511
0.000986169
0.00110393
0.000865849
0.000932123
0.000848782
0.000875803
0.00084992
0.000855892
0.000977635
0.000942933
0.00104846
0.00146062
0.000957155
0.00091079
0.000902257
0.000902826
0.000937528
0.000988159
0.000924728
0.000908799
0.00147399
0.000890026
0.000890026
0.000905955
0.000835128
0.000886328
0.000957155
0.0010422
0.000881777
0.00174393
0.00093383
0.000928426
0.000908515
0.000975643
0.000881493
0.00104391
0.000847928
0.000912497
0.00140914
0.00096199
0.000931555
0.000904248
0.000941795
0.000992995
0.00103082
0.00108885
0.000918186
0.0012726
0.000947484
0.000996977
0.00101575
0.000983039
0.000901404
0.000986737
0.000888034
0.000964551
0.00125724
0.000966257
0.000917048
0.000915911
0.0011045
0.00104078
0.00120604
0.00116679
0.00108174
0.00095175
0.00202723
0.00126891
0.00100665
0.000925582
0.000892301
0.00106724
0.00130787
0.00121856
0.00255033
0.0013221
0.00116224
0.00144981
0.00136192
0.00107036
0.00105415
0.000998684
0.000944355
0.00103139
0.000937528
0.0010661
0.0010368
0.0011429
0.0010661
0.000995839
0.000901688
0.0010038
0.000875235
0.00108487
0.000921599
0.00115285
0.000880355
0.00112668
0.000891448
0.00118869
0.000910222
0.00097223
0.00089543
0.000962275
0.00100494
0.00132949
0.00107947
0.000968533
0.000956586
0.000970523
0.000918186
0.00091591
0.000899982
0.00101433
0.000994132
0.00114944
0.000891164
0.000929564
0.000916479
0.000999252
0.000897137
0.000977066
0.00120576
0.00111275
0.00093895
0.00110791
0.000897137
0.000961706
0.0009088
0.00101632
0.000989012
0.00114005
0.00148679
0.00101006
0.00103168
0.000931839
0.000889742
0.000912212
0.00109454
0.000946346
0.00114802
0.00131043
0.000942364
0.00110592
0.000977919
0.000951182
0.00106723
0.000946631
0.000965688
0.00111275
0.000948906
0.0010021
0.000943502
0.000940372
0.00114859
0.000997261
0.0010294
0.00101148
0.00113294
0.000970239
0.000957155
0.000948905
0.00129223
0.000974222
0.000921883
0.000919893
0.00102969
0.00165091
0.000940373
0.00092871
0.0010277
0.0010331
0.00100892
0.000977066
0.000979626
0.00104875
0.00101774
0.00103225
0.000925866
0.000993848
0.000905954
0.000925866
0.00101433
0.00110308
0.000877795
0.00121486
0.001024
0.00117447
0.000900266
0.000947199
0.00103822
0.00107947
0.00106041
0.00159715
0.000979911
0.000950043
0.000887182
0.000940657
0.000905386
0.00091847
0.0010203
0.000972515
0.00163954
0.00108117
0.000917048
0.000951466
0.000994986
0.000970808
0.000914203
0.00101291
0.000926719
0.0011466
0.00101575
0.000919608
0.000922453
0.00093127
0.000917048
0.00105813
0.000929848
0.00102969
0.00178233
0.00139093
0.000959715
0.00095687
0.000938951
0.00102428
0.000935537
0.000963413
0.00114204
0.000928426
0.00096967
0.00103566
0.000935537
0.00102343
0.000936959
0.00110535
0.000917902
0.00121827
0.000966257
0.000940657
0.000925582
0.000994985
0.00103822
0.000938381
0.000910222
0.000991003
0.00129024
0.00100039
0.000914204
0.000936106
0.00109454
0.0010954
0.00106098
0.000943501
0.000939804
0.00114489
0.000942079
0.00094151
0.000996124
0.00108658
0.00137557
0.00123477
0.000971661
0.00119893
0.00086983
0.000945493
0.000922168
0.00147513
0.0013403
0.00315278
0.00202922
0.00137244
0.00103054
0.00107634
0.00111218
0.0014026
0.00132608
0.00105273
0.00134599
0.00125099
0.00107179
0.00139235
0.00111502
0.00185003
0.00122994
0.00120092
0.00106439
0.00109255
0.00101319
0.00101803
0.00101348
0.00124899
0.00118329
0.00111047
0.00103253
0.00104476
0.00101177
0.00104903
0.00102315
0.00163641
0.000988159
0.00110478
0.00102229
0.00105045
0.000996977
0.00106923
0.001375
0.00142137
0.000953741
0.000992142
0.00110592
0.000981332
0.000920177
0.00102599
0.0009728
0.00109369
0.00113408
0.000987305
0.000940088
0.00125099
0.00107577
0.000961706
0.00104789
0.00136107
0.000953741
0.000986737
0.00096455
0.000975928
0.000964835
0.00102116
0.00107435
0.000970808
0.00107548
0.000985315
0.00121941
0.000974222
0.000948905
0.000984462
0.00104789
0.00120804
0.00110478
0.00146773
0.000972515
0.00102201
0.000923875
0.00098247
0.000971661
0.00105074
0.00106837
0.00104875
0.000969386
0.00101689
0.000953173
0.000983608
0.00102002
0.00108515
0.00110222
0.00102997
0.00165518
0.00106268
0.000956302
0.00100494
0.000983039
0.000980195
0.000959715
0.00108658
0.00108345
0.00107634
0.00101006
0.00106325
0.000979626
0.00109824
0.00108686
0.0010021
0.000975075
0.00161877
0.00102059
0.00102741
0.000973937
0.0010971
0.00115996
0.00101063
0.000975928
0.00157525
0.00103054
0.00103822
0.00117988
0.00120092
0.000975644
0.00100835
0.000959999
0.00169017
0.00108004
0.00106183
0.00111218
0.00133091
0.000972515
0.00100181
0.000974506
0.00144526
0.00100011
0.00100352
0.00110507
0.00108771
0.0010058
0.00102258
0.00101717
0.00156928
0.000985884
0.00098759
0.000967395
0.00126407
0.00114403
0.00109568
0.000996977
0.00201074
0.00111474
0.0011062
0.00110137
0.00130674
0.00123164
0.00123278
0.0016256
0.00127147
0.00109739
0.00104846
0.00110108
0.000996123
0.00100665
0.0012197
0.00122197
0.00101916
0.00102798
0.000997262
0.00113977
0.0012982
0.00103083
0.0012288
0.00159431
0.00116167
0.00101461
0.00109028
0.00114716
0.00100836
0.00129849
0.00224882
0.00168419
0.0019877
0.00135964
0.00143644
0.00119268
0.00109141
0.00113095
0.00122396
0.00106069
0.00108885
0.00144725
0.00108174
0.00117703
0.00105614
0.00106012
0.00118357
0.00103367
0.00105102
0.000986737
0.00108174
0.00114859
0.00110023
0.00107122
0.00107264
0.00127203
0.0013403
0.00106183
0.00122311
0.00125611
0.0017957
0.00101518
0.00109198
0.00101291
0.00106695
0.00111502
0.00105045
0.00101205
0.00136875
0.00117731
0.00114688
0.00109909
0.00108658
0.0010934
0.00103111
0.00102172
0.0014464
0.00107804
0.00112867
0.00107264
0.00124615
0.00102002
0.00128597
0.00126037
0.0010934
0.00113038
0.00104078
0.00101006
0.00115399
0.00106723
0.00111417
0.00117646
0.00112156
0.00104135
0.00112981
0.00107349
0.00115285
0.00102798
0.00113522
0.00134912
0.0010698
0.00101035
0.0010533
0.00121259
0.00104277
0.00101547
0.00107406
0.00106211
0.00148053
0.00104619
0.00114005
0.00151808
0.00106126
0.00100807
0.00117362
0.00107634
0.00120348
0.00111474
0.00119723
0.00102826
0.00103993
0.00100011
0.00104249
0.00103822
0.00114148
0.00111303
0.00141397
0.00103424
0.00104107
0.00117589
0.00105899
0.00104533
0.00107292
0.00110137
0.00115143
0.00113408
0.00113749
0.00102542
0.00120178
0.00107093
0.00132608
0.00122994
0.00107292
0.00104533
0.0012453
0.00104818
0.00104846
0.00105159
0.00119239
0.000996408
0.00104846
0.00103907
0.00105244
0.00110251
0.00106866
0.00111303
0.00167509
0.00107406
0.00117703
0.00109141
0.0010368
0.00113664
0.00103907
0.00121571
0.00105785
0.00102912
0.00105102
0.00112811
0.00106809
0.00115427
0.00127972
0.00120889
0.00106439
0.00114745
0.00119381
0.00116907
0.00107321
0.00100579
0.0011941
0.00121429
0.00113948
0.00100352
0.00115797
0.00105188
0.0012854
0.00116139
0.0010661
0.00110307
0.00140459
0.00109568
0.00115257
0.00105188
0.00110734
0.00101006
0.00120064
0.0016293
0.00120889
0.0011227
0.00130019
0.00136363
0.00115655
0.00103111
0.00156217
0.00115826
0.00133177
0.00103964
0.00104619
0.00115086
0.00106667
0.00102827
0.00258873
0.0015616
0.0015013
0.00107861
0.00126891
0.00120804
0.00114688
0.00104875
0.00110251
0.00105415
0.0011648
0.00145493
0.00123961
0.00108459
0.0011557
0.00120718
0.00108146
0.00103424
0.001119
0.0013878
0.00111388
0.00111701
0.0016438
0.00114489
0.00120348
0.00104988
0.00119012
0.00114005
0.00107947
0.00118471
0.00106809
0.00105244
0.00106297
0.00119125
0.00115115
0.00121116
0.00124814
0.00131356
0.00145493
0.00121884
0.00109824
0.001121
0.00108345
0.00109227
0.00117276
0.00143843
0.00109511
0.00114916
0.00115797
0.00106439
0.00108032
0.00105244
0.00114916
0.0013622
0.00112811
0.00116224
0.00109596
0.00106866
0.0010789
0.00111474
0.00110791
0.00112526
0.00137813
0.00110563
0.0010843
0.0010843
0.00117134
0.00112498
0.00118499
0.00121202
0.00118471
0.00106923
0.00108771
0.00104676
0.00109084
0.00102855
0.0015269
0.00136192
0.00123876
0.00123676
0.00111701
0.00113692
0.00109653
0.00106553
0.0013019
0.00112583
0.0011173
0.00130446
0.00110165
0.00105159
0.0011867
0.00131129
0.00117134
0.0010533
0.00111417
0.00107264
0.00120946
0.00105927
0.0011318
0.00120405
0.00110279
0.00109881
0.00120917
0.00123876
0.00158635
0.00143075
0.00190834
0.00117589
0.00121571
0.00114261
0.00134315
0.00134172
0.00142791
0.00191801
0.00157241
0.00126066
0.00165632
0.00140743
0.00155733
0.00140089
0.00150841
0.00129735
0.00124075
0.00117305
0.00129138
0.00142222
0.00151182
0.00131413
0.00143843
0.00157724
0.00139008
0.00129906
0.00168533
0.00145891
0.00128284
0.00126151
0.00115285
0.00126407
0.00137899
0.0012837
0.00264107
0.00142393
0.00168704
0.00183011
0.00166827
0.00129963
0.00153486
0.00138268
0.00139833
0.00134969
0.00142137
0.00139178
0.00140885
0.0012507
0.00142364
0.00139036
0.0029989
0.00149845
0.00209948
0.00122311
0.00151267
0.00205511
0.00191886
0.00124587
0.0013989
0.00255374
0.00328106
0.00133945
0.00167851
0.00191744
0.00181305
0.00134343
0.00130731
0.00140316
0.00174307
0.00173227
0.00374642
0.00142933
0.00119865
0.00141625
0.00144668
0.00158009
0.00133234
0.00115513
0.00119637
0.001185
0.0013659
0.00110763
0.00136277
0.00138183
0.00120206
0.00114603
0.00155961
0.00119438
0.00120263
0.00131015
0.00115342
0.00121941
0.00125525
0.00106268
0.00118585
0.00115968
0.00133945
0.00116708
0.00121742
0.00139178
0.00126549
0.00120348
0.00111161
0.00118898
0.00111075
0.00109369
0.00126265
0.00154908
0.00129052
0.00142194
0.00176441
0.00131811
0.00203378
0.00200021
0.00149333
0.00181987
0.00138012
0.00153913
0.00129365
0.00123079
0.00120803
0.00111019
0.00116025
0.00112071
0.00144156
0.00119182
0.00118784
0.00116537
0.00124672
0.00118357
0.00142905
0.00124473
0.00115001
0.00106724
0.00117419
0.00110677
0.00112441
0.00151523
0.00122738
0.00122112
0.00115285
0.00109284
0.00123107
0.00111929
0.00128398
0.00129764
0.00126691
0.00111531
0.00111843
0.00108231
0.00112469
0.00116395
0.0012416
0.00128
0.00117532
0.00109909
0.00112071
0.00109141
0.00117874
0.00111104
0.00177635
0.00115598
0.00127203
0.00119836
0.00131584
0.00141113
0.00120348
0.00136931
0.00113892
0.00111872
0.00123307
0.00127602
0.00117732
0.00109767
0.00120519
0.00114204
0.00116565
0.00120235
0.00144384
0.00148452
0.00119666
0.00113977
0.00115143
0.00173397
0.00418161
0.00160199
0.00135054
0.00161706
0.00126748
0.00119979
0.00120917
0.00128142
0.00119011
0.0010917
0.00112384
0.00111502
0.00113323
0.00109454
0.00121287
0.00122368
0.0015744
0.00148196
0.00137699
0.0011429
0.00115314
0.00115883
0.00113038
0.00128796
0.00114347
0.00108971
0.00116252
0.00118016
0.00112555
0.00106581
0.00142592
0.002752
0.00124444
0.00113351
0.00119779
0.00112697
0.00113493
0.00124473
0.0011685
0.00124245
0.00113721
0.00119012
0.00113095
0.00122795
0.0011739
0.00157923
0.0011574
0.00128284
0.00115399
0.00118329
0.00123449
0.00131555
0.00161593
0.00122823
0.00143161
0.00152036
0.00125753
0.00125042
0.00141056
0.00114546
0.00134883
0.00127943
0.0013733
0.00121913
0.00129138
0.00125099
0.00130162
0.00129138
0.00119296
0.00120946
0.00136931
0.00130702
0.00133717
0.00120035
0.00136932
0.00171065
0.00320711
0.00299634
0.00150357
0.0014208
0.00145294
0.00116907
0.00126066
0.00117931
0.00119324
0.00119694
0.0011611
0.00121429
0.00115911
0.00110962
0.00119324
0.00127317
0.00119808
0.00136021
0.00123108
0.0011648
0.00117845
0.00112299
0.00122453
0.0013622
0.00146119
0.00113522
0.00115883
0.00114119
0.00116508
0.00112725
0.001759
0.0014245
0.00123108
0.00110023
0.00117049
0.00114489
0.00151011
0.00125383
0.00122624
0.00118187
0.00116878
0.00111986
0.00118784
0.00142165
0.00183637
0.00118443
0.00121344
0.00117817
0.00126435
0.00120491
0.00125497
0.00155392
0.00118329
0.00115228
0.00120604
0.00117305
0.00122738
0.00121742
0.00179001
0.00118187
0.00118727
0.00116594
0.00121316
0.0012581
0.00116565
0.00138467
0.00121316
0.00118243
0.00119381
0.00129536
0.00132153
0.00133547
0.00196409
0.00118869
0.00119524
0.00122226
0.00117788
0.00127061
0.00132807
0.00150443
0.00117788
0.00126948
0.00136704
0.00127403
0.00132722
0.00123278
0.00136419
0.00117305
0.00130731
0.00117049
0.00117618
0.00125298
0.00125355
0.00169074
0.00131584
0.00154169
0.00183609
0.00131698
0.00123278
0.00172771
0.00139747
0.00126805
0.0012362
0.00126066
0.00125042
0.00122482
0.00135367
0.00153401
0.0017024
0.00125155
0.0012598
0.00123676
0.00132921
0.0011594
0.00136334
0.00138467
0.0012709
0.00121543
0.00127687
0.00186823
0.00190777
0.00135964
0.00140715
0.00126123
0.0014757
0.00123733
0.00138325
0.00131499
0.00124387
0.00122994
0.0012726
0.00143047
0.00149049
0.00160427
0.00127573
0.00129564
0.00132153
0.00129678
0.00129479
0.00131186
0.00124985
0.0012325
0.00125582
0.0012251
0.00125554
0.00140572
0.00130361
0.0011995
0.00129507
0.00124786
0.00124672
0.00120263
0.00135481
0.00118698
0.00127972
0.00119893
0.00124473
0.0012032
0.00142535
0.00138581
0.00140032
0.00125838
0.00129138
0.00130759
0.00132409
0.00118699
0.00127886
0.00130361
0.00138268
0.00121344
0.00135964
0.00144953
0.00139662
0.00122083
0.00145209
0.00140516
0.00133063
0.00134229
0.00136505
0.00125383
0.00125156
0.00157497
0.00141426
0.00141852
0.00141113
0.00125383
0.00131726
0.00128484
0.00128199
0.00139036
0.00142734
0.00124444
0.00126293
0.00115996
0.0012965
0.00143872
0.00138098
0.0013605
0.00127829
0.00125952
0.00127431
0.00173483
0.00138325
0.00125212
0.00131442
0.00134428
0.00132779
0.00135595
0.00146176
0.0013349
0.00128142
0.00125013
0.00139065
0.0012598
0.00145835
0.00128654
0.00132636
0.00120377
0.00128626
0.00127858
0.00156956
0.00184178
0.00134997
0.00165945
0.00131129
0.00123079
0.00140345
0.00182898
0.00136647
0.00122112
0.00127886
0.00126407
0.00138155
0.00136277
0.00155619
0.00133376
0.00131811
0.0012342
0.00131584
0.00138695
0.00132067
0.00136732
0.00127829
0.00122738
0.00151751
0.00134969
0.00129593
0.00171577
0.00228039
0.00138951
0.00132807
0.00138012
0.0013019
0.00122197
0.00141141
0.00151552
0.00151922
0.00243427
0.00246414
0.00158464
0.00175474
0.00144896
0.00140686
0.00142706
0.0015067
0.0018213
0.00137586
0.00142677
0.00124075
0.00132722
0.00122624
0.00121458
0.00122965
0.00115086
0.00127147
0.00142592
0.00125781
0.00144754
0.00148366
0.00124956
0.00125753
0.00146261
0.00130617
0.00134457
0.00128028
0.00120576
0.00123221
0.00124018
0.00139491
0.00122169
0.00163982
0.00128427
0.00127175
0.00123079
0.00130304
0.00121828
0.0012416
0.0013861
0.00134969
0.00126009
0.001344
0.00124274
0.00134969
0.00139122
0.00172459
0.00140999
0.00132266
0.00123108
0.00123676
0.00120604
0.00128483
0.00130588
0.00159403
0.00129906
0.00124359
0.00130389
0.00132352
0.00135054
0.00139577
0.00126521
0.00134286
0.00127886
0.00128057
0.00125781
0.00157952
0.00123278
0.00125924
0.0012982
0.00150272
0.00125923
0.00131499
0.00125155
0.00135253
0.00127829
0.00127687
0.00139605
0.00155164
0.00125212
0.0013184
0.00132238
0.00128597
0.00141028
0.00142535
0.00140885
0.00133006
0.00151267
0.00129479
0.00126009
0.00144555
0.00126407
0.00135168
0.00129394
0.00139634
0.00138809
0.00136391
0.00130759
0.00125383
0.00129081
0.00136107
0.00137699
0.00144327
0.00128967
0.00133433
0.00134627
0.00133632
0.00165973
0.00141227
0.00127317
0.00126635
0.0012288
0.00127204
0.00128057
0.0015232
0.00145721
0.00129906
0.00124359
0.0012726
0.00131925
0.00198058
0.00137216
0.00127801
0.00131669
0.00133916
0.00126692
0.00137984
0.00137984
0.0013696
0.00143673
0.00128256
0.00132551
0.00154254
0.0016037
0.00129678
0.00127004
0.00140971
0.00153458
0.0014373
0.00145067
0.00138212
0.00145664
0.00140003
0.00163385
0.00138439
0.0017462
0.00247666
0.00164921
0.00157582
0.00167538
0.00152661
0.0013861
0.00148622
0.00169273
0.00150471
0.00192227
0.00195555
0.0013861
0.00168163
0.00135367
0.00136789
0.0016219
0.00160597
0.00133945
0.00170012
0.00131385
0.00132949
0.00140971
0.00206649
0.00130276
0.00133035
0.00129963
0.00139548
0.00142535
0.00188046
0.0014134
0.00194133
0.00128284
0.00130617
0.00139292
0.0017189
0.0014373
0.00129052
0.00123875
0.00148252
0.00127147
0.00136676
0.0015232
0.0013787
0.00132437
0.00137216
0.00124501
0.0014646
0.00157269
0.00130958
0.00127943
0.00153486
0.00131783
0.00137244
0.00144583
0.00132266
0.00129707
0.00135111
0.00137415
0.00128768
0.00130389
0.00169216
0.00124331
0.00137074
0.00147285
0.00150556
0.00144043
0.00143218
0.00129109
0.00142165
0.00137671
0.00132437
0.00137671
0.00134172
0.00132523
0.00156046
0.00131954
0.00139861
0.00134514
0.00133888
0.00160228
0.00131897
0.00129081
0.00131954
0.00130475
0.00131356
0.00139947
0.001631
0.00139008
0.00133945
0.00131925
0.00135879
0.00142848
0.00163755
0.0014518
0.00151723
0.00142393
0.00135225
0.00148338
0.00177408
0.00144896
0.00189212
0.00142876
0.00145579
0.00133973
0.00132978
0.00140203
0.00139947
0.0013002
