26049153
17858286
18457041
18393042
23421453
17317841
17660881
17945041
19291318
28277492
22364741
16665894
17865966
20233114
22923675
19705185
17731707
17429059
20410892
18552899
18812882
17318410
18085272
18483211
22513791
18761966
17983726
17422516
17940775
18846446
19013131
16839974
18092952
19508065
17218570
16308916
17778356
18620598
19355033
25997384
26092672
23231729
19760936
16698605
18054268
18884846
20843816
16995281
17425361
16793325
16526516
16350445
16240081
16109520
15852382
16158160
16226143
16181485
16503476
16724489
16135405
17096259
18543512
16860739
16456543
16333947
17072649
16821201
16849076
16832294
16640010
16935263
17138925
17534872
16898854
16485556
16292419
16850214
16834285
16282462
17170215
16544720
16473325
16432934
16674427
16101840
17861984
18168330
18701949
16391689
17841219
16595636
16201111
16851921
16295263
16436062
16341059
16776258
16547850
17243032
16814374
16368364
16676134
16615832
17943335
16792756
16569752
17213449
17899246
17935086
17022018
19830625
17407725
18635958
16630338
17696152
16088472
16650534
16604454
16264258
16994427
16981059
16326551
16942659
17274605
16501485
16225858
16829734
16368650
16357840
16397378
16438907
17263228
16815512
16735583
17519512
16755494
17155138
16253165
16589663
16443458
17057290
16485840
16826037
16340773
16449432
16686374
19099317
17748206
17136365
17572704
16897432
17201218
16887192
17000116
16815512
17241325
17542268
17046481
20004705
17967228
17347992
16375191
16893166
16734160
16722783
16383725
16519974
16816649
16236667
16666748
17694161
16936401
15967013
16155600
17206339
17399761
18808331
18134197
18245415
18104330
17484810
17515245
18748882
17935086
16973663
17124703
16987885
17505006
16746676
17061841
17824721
18095228
18890820
19278233
19372669
17353112
16550978
16240080
16397947
16380881
16469911
16619530
16541307
17377859
16506889
17307601
17733699
16698890
16697751
16627494
17068099
17129539
16547849
18333593
17731992
18223513
17442143
18752864
17656614
18256793
17566445
17063264
17238765
16905112
16353573
17132099
16572881
16426960
17427352
17451530
16831441
17627601
18146997
17047903
16672152
17615939
22487621
18331886
16711121
17369610
17520934
17779210
17958979
21895693
17654339
17261521
17539707
17202072
17202926
17155423
17241325
19779140
17353113
16793609
16834285
16911085
17196099
17435032
16784792
17728010
17225965
16724490
17322676
18140740
17940205
16920757
18480650
16966268
17446410
16998409
17305326
17484810
17016898
16634036
17123281
19381771
18497148
17240188
17624757
18076739
17454659
16890605
16686374
19731353
18203886
16874108
19779993
26895944
25316424
32814952
25332067
21533879
18333024
22884137
19645736
17956988
18179424
16516845
17340596
17527477
19969149
17037663
21809221
20099994
21299212
24425258
26308851
21130252
24112938
23331853
30969191
28793759
24755498
29853315
29729013
33257832
29579963
17822731
18584188
18579068
21297221
22606520
18446233
25262663
26188246
18324206
17191547
17598873
27104442
17644667
25262379
18173735
17066961
19712011
19372669
17665432
17760721
19513754
21502305
18168900
17189556
18081006
17414836
16512863
17258677
17569574
16698890
16934409
16842534
17009219
16820347
18288935
29761724
17371316
17124134
33059290
18743193
20968972
18024970
26771073
18050855
17535441
17549948
18424615
23658680
23268991
38856271
29284994
18382233
23169151
30242151
86031408
24707712
18421771
38084288
16515707
16817788
16870694
17497041
17522356
18204740
17423938
17861131
20756207
19236135
18463869
20763318
19542767
19385469
17912614
19197736
18837628
28176514
32727912
21879479
36667185
20138678
21440297
19529967
19317486
19215656
21053736
27904585
19376651
19714002
24201116
21504581
23013844
23413205
19011993
25249579
36635612
19538500
29129403
33059859
20516420
35454314
35464269
24440049
35199736
22085986
20309345
21526199
19668206
18493451
20458394
17453805
17672544
19028775
19347922
22905186
19849398
18620029
18453059
21920155
35900891
16915637
17489361
17087725
18784437
18323068
18635104
17946179
18091531
18235175
18468988
18774766
19637487
18264757
18079868
21513683
21135088
18719015
17413983
17827281
18643922
19040722
17982019
19187780
20295123
19492989
22411959
19287335
18873753
20898146
21666714
17718339
17380419
17152294
18986393
17015192
17736828
17501592
17101379
17387245
17517806
19077984
17390659
18769361
19091922
22935907
20757060
30198915
27696941
21430625
22339995
18552615
18332739
18503122
17687619
17662588
18392757
17775228
17455228
16824898
20559941
17446125
17658037
17181592
19484455
18204455
17916597
17940775
17071512
19165024
16488400
33888162
26094379
35009442
18781878
17791441
17572703
17999370
20185896
19394002
19622980
17306748
17846055
18148419
19844278
18562855
20284314
21335052
18664970
17014623
17614233
18035779
18370001
17582944
17173343
24246911
20242216
32544446
32857903
36514438
26546646
24524245
28847235
30867359
27494416
30559022
26014450
26514789
28132993
22020849
26326486
19487300
18132774
20633328
21235496
17299352
19119229
18404135
18501699
19036740
19698642
26152122
25783197
27939002
33635291
27366131
29802968
22959231
18733237
29500034
45729875
26968193
24073116
22302733
17695583
17995673
17650072
18452491
17788028
17276312
16866996
16401076
17189272
17414268
17524063
17978606
18496010
17158552
16836845
17173059
17382125
17277735
16902267
17559619
16983903
17001254
18195922
18228348
18033788
17556774
19283922
17423939
17740810
18022979
20964706
22933915
22203177
22962360
25975197
20838127
18605237
18278980
17518374
17606268
17430481
17346001
17243032
17793148
18545219
18114286
18601824
17415690
18458748
17910908
17760437
17188703
17311583
17180739
17524632
17155707
23994894
17848330
18162642
17779779
17407441
17187565
16811245
17748775
19173273
17481396
17408010
24184050
33918028
17038801
17960685
17550802
17890143
16955459
17095689
17511548
17188419
18092952
19339105
21290394
17776366
17164525
17163956
17299637
18304579
17624757
17249859
17933094
17138641
17977753
17902943
18223228
20472901
21343016
21675817
20562216
21569150
18324206
17597450
18959371
18348953
16960578
17937362
17020880
17130677
17541130
17283138
17288828
17881326
18160650
17441859
18439406
18334730
17230801
17295655
17139494
17333770
17534303
17246161
17202925
32368943
20245629
26876602
23802894
20037985
19981664
20899852
34162082
22018857
20187602
23727232
23565098
19281931
18893095
17305325
17163957
18004205
17783193
17048756
29017332
18073326
20096296
22947853
47348649
26695695
18001646
21319977
17702125
19622411
25885313
24369223
25933383
21408724
18320223
17728295
20518696
17956704
18271583
17246730
18082144
17539423
17580383
18438269
17292809
18125949
18002499
19778855
18994642
17983442
17113609
17477699
17397201
18642500
18324775
18407832
17557912
17257255
17618783
16917627
17249859
16888045
18135620
17830979
18300597
20124171
20292278
18834784
18720438
17132383
17211174
19089646
32340783
20029167
17890997
21556350
23049969
23274395
19713434
22295052
25254415
32358987
19333415
17055015
19698357
18294055
19463976
39711880
19951514
21606981
19296153
25181028
20377896
22089399
25459499
18661273
24767730
22006341
22041044
17584650
18593575
18321077
17777503
18748882
22166484
17641539
17982303
17664864
18433717
17397485
18044881
19032758
17786321
25913757
21816333
40988752
18427459
18596135
18454766
17545681
19053522
19314927
19873860
28891039
28222594
22130359
20697327
19089362
19007442
17929966
18778464
18404988
17285699
19413913
17965806
19275389
17970356
18067353
18842748
18499993
19043282
18035210
18259069
17894125
17798837
19568651
20461523
24050360
27027642
18855264
28752515
22892955
22890679
19429558
21462768
22741915
19289042
20616830
30845457
17179317
17685059
17674250
17477414
18431442
18789557
18315673
17782339
17671690
17873077
18010463
17567299
17862552
18483780
18472686
17384685
18285806
19096473
18297469
18655584
18065361
17607121
18460171
17477414
17369894
17913184
18506250
17994819
17770962
18729824
17675672
18005343
18788989
17933663
17578108
17821024
18172028
18100917
18217824
18116561
19305824
22151408
18128508
18562002
17404597
18335015
17533734
17661735
17961823
17699566
18691139
18333308
18788989
18438268
19210251
18177433
19217362
18816864
18465859
19122927
19458002
17898961
19756953
17720615
17644668
17561894
17679370
31828783
17457503
17995957
18496864
18285806
18004775
16912222
17931957
17939068
17497326
18347246
18540668
18266464
17620774
17808508
18669522
18421202
18373983
18221806
18259922
17772099
17721468
17402890
17516952
17892134
17172206
17613948
18065076
18387069
19494126
18412100
17791725
18088402
17380134
17751619
17739104
17998801
18611495
17681361
19900883
18011885
18601824
17364775
17642676
17653201
17405166
17689325
17868811
17623334
17865397
17875637
22011461
19335976
21822305
25115037
27436104
20375905
25390379
21092990
19852527
22284244
20769860
19036740
18568259
18456189
17943903
17947317
17627032
17761859
17978606
18191939
18259069
46852862
17503014
17601432
17949877
17821024
18064508
18174019
19398269
18219530
17775228
18485486
17518944
18552330
